0.5	0.33261798892406685	0.12940756133799772
0.5	0.3273820110759332	-0.12940756133799772
0.5	0.3352361213988316	0.12940223904105458
0.5	0.32476387860116845	-0.12940223904105458
0.5	0.33785454100647866	0.12939336676239754
0.5	0.32214545899352137	-0.12939336676239754
0.5	0.3404733913921806	0.12938094182499324
0.5	0.31952660860781945	-0.12938094182499324
0.5	0.34309281629562854	0.12936496047818144
0.5	0.3169071837043715	-0.12936496047818144
0.5	0.34571295958260734	0.1293454178948563
0.5	0.3142870404173927	-0.1293454178948563
0.5	0.3483339652766287	0.12932230816783508
0.5	0.31166603472337134	-0.12932230816783508
0.5	0.3509559775906387	0.1292956243054087
0.5	0.30904402240936135	-0.1292956243054087
0.5	0.3535791409588136	0.12926535822606708
0.5	0.30642085904118643	-0.12926535822606708
0.5	0.35620360006845864	0.12923150075239187
0.5	0.3037963999315414	-0.12923150075239187
0.5	0.3588294998920258	0.12919404160410622
0.5	0.30117050010797425	-0.12919404160410622
0.5	0.36145698571926455	0.12915296939027213
0.5	0.2985430142807355	-0.12915296939027213
0.5	0.364086203189522	0.1291082716006222
0.5	0.295913796810478	-0.1291082716006222
0.5	0.36671729832420635	0.12905993459601303
0.5	0.2932827016757937	-0.12905993459601303
0.5	0.36935041755943027	0.12900794359798548
0.5	0.29064958244056976	-0.12900794359798548
0.5	0.3719857077788493	0.12895228267741476
0.5	0.2880142922211507	-0.12895228267741476
0.5	0.3746233163467114	0.1288929347422338
0.5	0.2853766836532886	-0.1288929347422338
0.5	0.3772633911411328	0.12882988152420882
0.5	0.28273660885886726	-0.12882988152420882
0.5	0.37990608058761693	0.12876310356474815
0.5	0.2800939194123831	-0.12876310356474815
0.5	0.3825515336928334	0.1286925801997196
0.5	0.27744846630716663	-0.1286925801997196
0.5	0.38519990007867144	0.1286182895432537
0.5	0.2748000999213286	-0.1286182895432537
0.5	0.387851330016587	0.12854020847050526
0.5	0.272148669983413	-0.12854020847050526
0.5	0.39050597446225876	0.12845831259934642
0.5	0.26949402553774127	-0.12845831259934642
0.5	0.3931639850905712	0.1283725762709598
0.5	0.2668360149094288	-0.1283725762709598
0.5	0.39582551433094204	0.1282829725293009
0.5	0.264174485669058	-0.1282829725293009
1.0	0.33523597784813375	0.25881512267599543
1.0	0.3247640221518663	-0.25881512267599543
1.0	0.34047224279766314	0.25880447808210916
1.0	0.3195277572023369	-0.25880447808210916
1.0	0.34570908201295725	0.2587867335247951
1.0	0.3142909179870428	-0.2587867335247951
1.0	0.3509467827843611	0.2587618836499865
1.0	0.30905321721563894	-0.2587618836499865
1.0	0.3561856325912571	0.2587299209563629
1.0	0.30381436740874296	-0.2587299209563629
1.0	0.3614259191652146	0.2586908357897126
1.0	0.2985740808347854	-0.2586908357897126
1.0	0.3666679305532573	0.25864461633567015
1.0	0.2933320694467427	-0.25864461633567015
1.0	0.3719119551812774	0.2585912486108174
1.0	0.28808804481872263	-0.2585912486108174
1.0	0.3771582819176272	0.25853071645213416
1.0	0.28284171808237285	-0.25853071645213416
1.0	0.38240720013691726	0.25846300150478374
1.0	0.2775927998630828	-0.25846300150478374
1.0	0.3876589997840515	0.25838808320821244
1.0	0.27234100021594854	-0.25838808320821244
1.0	0.39291397143852913	0.25830593878054425
1.0	0.2670860285614709	-0.25830593878054425
1.0	0.39817240637904405	0.2582165432012444
1.0	0.261827593620956	-0.2582165432012444
1.0	0.4034345966484127	0.25811986919202606
1.0	0.25656540335158734	-0.25811986919202606
1.0	0.4087008351188605	0.25801588719597096
1.0	0.2512991648811395	-0.25801588719597096
1.0	0.4139714155576987	0.25790456535482953
1.0	0.24602858444230136	-0.25790456535482953
1.0	0.4192466326934229	0.2577858694844676
1.0	0.24075336730657718	-0.2577858694844676
1.0	0.4245267822822655	0.25765976304841764
1.0	0.23547321771773455	-0.25765976304841764
1.0	0.42981216117523385	0.2575262071294963
1.0	0.23018783882476618	-0.2575262071294963
1.0	0.4351030673856668	0.2573851603994392
1.0	0.22489693261433324	-0.2573851603994392
1.0	0.4403998001573429	0.2572365790865074
1.0	0.2196001998426571	-0.2572365790865074
1.0	0.44570266003317405	0.2570804169410105
1.0	0.21429733996682598	-0.2570804169410105
1.0	0.4510119489245175	0.25691662519869285
1.0	0.20898805107548252	-0.25691662519869285
1.0	0.45632797018114246	0.2567451525419196
1.0	0.2036720298188576	-0.2567451525419196
1.0	0.4616510286618841	0.2565659450586018
1.0	0.19834897133811594	-0.2565659450586018
1.5	0.3378539667722006	0.3882226840139931
1.5	0.32214603322779944	-0.3882226840139931
1.5	0.3457083641964947	0.3882067171231637
1.5	0.31429163580350533	-0.3882067171231637
1.5	0.3535636230194359	0.38818010028719263
1.5	0.30643637698056414	-0.38818010028719263
1.5	0.3614201741765416	0.38814282547497975
1.5	0.29857982582345843	-0.38814282547497975
1.5	0.3692784488868856	0.3880948814345443
1.5	0.29072155111311443	-0.3880948814345443
1.5	0.3771388787478219	0.38803625368456884
1.5	0.2828611212521781	-0.38803625368456884
1.5	0.385001895829886	0.38796692450350523
1.5	0.27499810417011405	-0.38796692450350523
1.5	0.3928679327719161	0.38788687291622603
1.5	0.2671320672280839	-0.38788687291622603
1.5	0.40073742287644076	0.38779607467820126
1.5	0.25926257712355927	-0.38779607467820126
1.5	0.4086108002053759	0.3876945022571756
1.5	0.25138919979462415	-0.3876945022571756
1.5	0.41648849967607726	0.3875821248123187
1.5	0.24351150032392277	-0.3875821248123187
1.5	0.42437095715779366	0.3874589081708164
1.5	0.23562904284220637	-0.3874589081708164
1.5	0.43225860956856604	0.3873248148018666
1.5	0.227741390431434	-0.3873248148018666
1.5	0.4401518949726191	0.3871798037880391
1.5	0.21984810502738097	-0.3871798037880391
1.5	0.4480512526782907	0.3870238307939564
1.5	0.2119487473217093	-0.3870238307939564
1.5	0.455957123336548	0.38685684803224435
1.5	0.20404287666345206	-0.38685684803224435
1.5	0.4638699490401343	0.38667880422670137
1.5	0.19613005095986574	-0.38667880422670137
1.5	0.47179017342339824	0.3864896445726265
1.5	0.1882098265766018	-0.3864896445726265
1.5	0.4797182417628508	0.38628931069424444
1.5	0.18028175823714923	-0.38628931069424444
1.5	0.4876546010785002	0.38607774059915884
1.5	0.17234539892149983	-0.38607774059915884
1.5	0.4955997002360144	0.38585486862976104
1.5	0.16440029976398565	-0.38585486862976104
1.5	0.503553990049761	0.38562062541151576
1.5	0.156446009950239	-0.38562062541151576
1.5	0.5115179233867763	0.3853749377980392
1.5	0.14848207661322374	-0.3853749377980392
1.5	0.5194919552717137	0.3851177288128794
1.5	0.14050804472828637	-0.3851177288128794
1.5	0.5274765429928261	0.3848489175879027
1.5	0.13252345700717388	-0.3848489175879027
2.0	0.3404719556962674	0.5176302453519909
2.0	0.3195280443037326	-0.5176302453519909
2.0	0.35094448559532626	0.5176089561642183
2.0	0.30905551440467377	-0.5176089561642183
2.0	0.3614181640259145	0.5175734670495902
2.0	0.29858183597408555	-0.5175734670495902
2.0	0.37189356556872216	0.517523767299973
2.0	0.28810643443127787	-0.517523767299973
2.0	0.38237126518251413	0.5174598419127258
2.0	0.2776287348174859	-0.5174598419127258
2.0	0.39285183833042925	0.5173816715794252
2.0	0.2671481616695708	-0.5173816715794252
2.0	0.4033358611065146	0.5172892326713403
2.0	0.25666413889348544	-0.5172892326713403
2.0	0.4138239103625548	0.5171824972216348
2.0	0.24617608963744525	-0.5171824972216348
2.0	0.4243165638352544	0.5170614329042683
2.0	0.23568343616474566	-0.5170614329042683
2.0	0.43481440027383456	0.5169260030095675
2.0	0.22518559972616548	-0.5169260030095675
2.0	0.44531799956810303	0.5167761664164249
2.0	0.214682000431897	-0.5167761664164249
2.0	0.4558279428770582	0.5166118775610885
2.0	0.20417205712294184	-0.5166118775610885
2.0	0.46634481275808803	0.5164330864024888
2.0	0.193655187241912	-0.5164330864024888
2.0	0.4768691932968254	0.5162397383840521
2.0	0.18313080670317464	-0.5162397383840521
2.0	0.48740167023772096	0.5160317743919419
2.0	0.17259832976227904	-0.5160317743919419
2.0	0.4979428311153973	0.5158091307096591
2.0	0.16205716888460273	-0.5158091307096591
2.0	0.5084932653868457	0.5155717389689352
2.0	0.15150673461315434	-0.5155717389689352
2.0	0.519053564564531	0.5153195260968353
2.0	0.14094643543546906	-0.5153195260968353
2.0	0.5296243223504677	0.5150524142589926
2.0	0.1303756776495323	-0.5150524142589926
2.0	0.5402061347713336	0.5147703207988784
2.0	0.11979386522866645	-0.5147703207988784
2.0	0.5507996003146858	0.5144731581730148
2.0	0.1092003996853142	-0.5144731581730148
2.0	0.561405320066348	0.514160833882021
2.0	0.09859467993365198	-0.514160833882021
2.0	0.5720238978490351	0.5138332503973857
2.0	0.08797610215096499	-0.5138332503973857
2.0	0.5826559403622849	0.5134903050838392
2.0	0.07734405963771518	-0.5134903050838392
2.0	0.5933020573237682	0.5131318901172036
2.0	0.06669794267623186	-0.5131318901172036
2.5	0.3430899446203343	0.6470378066899886
2.5	0.3169100553796657	-0.6470378066899886
2.5	0.3561806069941578	0.6470111952052728
2.5	0.3038193930058422	-0.6470111952052728
2.5	0.3692727050323931	0.6469668338119877
2.5	0.2907272949676069	-0.6469668338119877
2.5	0.3823669569609027	0.6469047091249662
2.5	0.2776330430390973	-0.6469047091249662
2.5	0.39546408147814266	0.6468248023909072
2.5	0.26453591852185737	-0.6468248023909072
2.5	0.4085647979130365	0.6467270894742814
2.5	0.2514352020869635	-0.6467270894742814
2.5	0.42166982638314326	0.6466115408391754
2.5	0.23833017361685677	-0.6466115408391754
2.5	0.43477988795319344	0.6464781215270434
2.5	0.22522011204680656	-0.6464781215270434
2.5	0.44789570479406793	0.6463267911303355
2.5	0.21210429520593208	-0.6463267911303355
2.5	0.4610180003422932	0.6461575037619594
2.5	0.19898199965770685	-0.6461575037619594
2.5	0.4741474994601288	0.6459702080205312
2.5	0.18585250053987126	-0.6459702080205312
2.5	0.4872849285963227	0.6457648469513607
2.5	0.1727150714036773	-0.6457648469513607
2.5	0.50043101594761	0.645541358003111
2.5	0.15956898405239	-0.645541358003111
2.5	0.5135864916210318	0.6452996729800652
2.5	0.1464135083789683	-0.6452996729800652
2.5	0.5267520877971512	0.6450397179899273
2.5	0.1332479122028488	-0.6450397179899273
2.5	0.5399285388942466	0.6447614133870739
2.5	0.1200714611057534	-0.6447614133870739
2.5	0.553116581733557	0.6444646737111689
2.5	0.10688341826644293	-0.6444646737111689
2.5	0.5663169557056638	0.6441494076210441
2.5	0.09368304429433633	-0.6441494076210441
2.5	0.5795304029380847	0.6438155178237407
2.5	0.0804695970619154	-0.6438155178237407
2.5	0.592757668464167	0.643462900998598
2.5	0.06724233153583303	-0.643462900998598
2.5	0.6059995003933574	0.6430914477162684
2.5	0.054000499606642716	-0.6430914477162684
2.5	0.6192566500829351	0.6427010423525262
2.5	0.040743349917064964	-0.6427010423525262
2.5	0.6325298723112938	0.6422915629967321
2.5	0.027470127688706214	-0.6422915629967321
2.5	0.645819925452856	0.6418628813547991
2.5	0.014180074547143984	-0.6418628813547991
2.5	0.6591275716547103	0.6414148626465045
2.5	0.0008724283452898329	-0.6414148626465045
3.0	0.34570793354440116	0.7764453680279862
3.0	0.3142920664555989	-0.7764453680279862
3.0	0.3614167283929894	0.7764134342463274
3.0	0.29858327160701065	-0.7764134342463274
3.0	0.3771272460388717	0.7763602005743853
3.0	0.2828727539611283	-0.7763602005743853
3.0	0.39284034835308324	0.7762856509499595
3.0	0.2671596516469168	-0.7762856509499595
3.0	0.40855689777377124	0.7761897628690886
3.0	0.2514431022262288	-0.7761897628690886
3.0	0.42427775749564384	0.7760725073691377
3.0	0.2357222425043562	-0.7760725073691377
3.0	0.4400037916597719	0.7759338490070105
3.0	0.21999620834022812	-0.7759338490070105
3.0	0.45573586554383216	0.7757737458324521
3.0	0.20426413445616787	-0.7757737458324521
3.0	0.47147484575288157	0.7755921493564025
3.0	0.18852515424711846	-0.7755921493564025
3.0	0.4872216004107518	0.7753890045143512
3.0	0.17277839958924823	-0.7753890045143512
3.0	0.5029769993521545	0.7751642496246374
3.0	0.15702300064784552	-0.7751642496246374
3.0	0.5187419143155872	0.7749178163416328
3.0	0.14125808568441275	-0.7749178163416328
3.0	0.534517219137132	0.7746496296037332
3.0	0.125482780862868	-0.7746496296037332
3.0	0.5503037899452381	0.7743596075760782
3.0	0.10969621005476193	-0.7743596075760782
3.0	0.5661025053565815	0.7740476615879128
3.0	0.09389749464341857	-0.7740476615879128
3.0	0.581914246673096	0.7737136960644887
3.0	0.0780857533269041	-0.7737136960644887
3.0	0.5977398980802686	0.7733576084534027
3.0	0.06226010191973147	-0.7733576084534027
3.0	0.6135803468467964	0.772979289145253
3.0	0.046419653153203566	-0.772979289145253
3.0	0.6294364835257016	0.7725786213884889
3.0	0.030563516474298447	-0.7725786213884889
3.0	0.6453092021570004	0.7721554811983177
3.0	0.014690797842999648	-0.7721554811983177
3.0	0.6611994004720287	0.7717097372595221
3.0	-0.001199400472028711	-0.7717097372595221
3.0	0.6771079800995221	0.7712412508230315
3.0	-0.017107980099522024	-0.7712412508230315
3.0	0.6930358467735526	0.7707498755960784
3.0	-0.033035846773552535	-0.7707498755960784
3.0	0.7089839105434272	0.7702354576257588
3.0	-0.04898391054342727	-0.7702354576257588
3.0	0.7249530859856523	0.7696978351758054
3.0	-0.06495308598565225	-0.7696978351758054
3.5	0.348325922468468	0.9058529293659839
3.5	0.31167407753153203	-0.9058529293659839
3.5	0.36665284979182095	0.905815673287382
3.5	0.2933471502081791	-0.905815673287382
3.5	0.38498178704535035	0.9057535673367827
3.5	0.2750182129546497	-0.9057535673367827
3.5	0.40331373974526374	0.9056665927749527
3.5	0.2566862602547363	-0.9056665927749527
3.5	0.4216497140693998	0.90555472334727
3.5	0.2383502859306003	-0.90555472334727
3.5	0.4399907170782511	0.905417925263994
3.5	0.2200092829217489	-0.905417925263994
3.5	0.45833775693640055	0.9052561571748455
3.5	0.20166224306359948	-0.9052561571748455
3.5	0.4766918431344709	0.9050693701378608
3.5	0.18330815686552918	-0.9050693701378608
3.5	0.49505398671169515	0.9048575075824696
3.5	0.16494601328830488	-0.9048575075824696
3.5	0.5134252004792105	0.904620505266743
3.5	0.14657479952078958	-0.904620505266743
3.5	0.5318064992441802	0.9043582912287436
3.5	0.12819350075581976	-0.9043582912287436
3.5	0.5501989000348518	0.9040707857319049
3.5	0.1098010999651482	-0.9040707857319049
3.5	0.5686034223266541	0.9037579012043554
3.5	0.09139657767334597	-0.9037579012043554
3.5	0.5870210882694444	0.9034195421720912
3.5	0.0729789117305556	-0.9034195421720912
3.5	0.6054529229160117	0.9030556051858982
3.5	0.054547077083988316	-0.9030556051858982
3.5	0.6238999544519452	0.9026659787419036
3.5	0.03610004554805474	-0.9026659787419036
3.5	0.64236321442698	0.9022505431956365
3.5	0.017636785573020064	-0.9022505431956365
3.5	0.6608437379879292	0.9018091706694619
3.5	-0.0008437379879291385	-0.9018091706694619
3.5	0.6793425641133185	0.9013417249532371
3.5	-0.019342564113318472	-0.9013417249532371
3.5	0.6978607358498338	0.9008480613980373
3.5	-0.03786073584983374	-0.9008480613980373
3.5	0.7163993005507001	0.9003280268027758
3.5	-0.05639930055070014	-0.9003280268027758
3.5	0.7349593101161092	0.8997814592935368
3.5	-0.07495931011610907	-0.8997814592935368
3.5	0.7535418212358114	0.8992081881954248
3.5	-0.09354182123581128	-0.8992081881954248
3.5	0.7721478956339984	0.8986080338967186
3.5	-0.11214789563399846	-0.8986080338967186
3.5	0.7907786003165943	0.8979808077051062
3.5	-0.13077860031659427	-0.8979808077051062
4.0	0.3509439113925349	1.0352604907039817
4.0	0.30905608860746514	-1.0352604907039817
4.0	0.3718889711906525	1.0352179123284366
4.0	0.2881110288093475	-1.0352179123284366
4.0	0.39283632805182894	1.0351469340991803
4.0	0.2671636719481711	-1.0351469340991803
4.0	0.4137871311374443	1.035047534599946
4.0	0.24621286886255572	-1.035047534599946
4.0	0.4347425303650283	1.0349196838254515
4.0	0.22525746963497176	-1.0349196838254515
4.0	0.4557036766608584	1.0347633431588503
4.0	0.2042963233391416	-1.0347633431588503
4.0	0.4766717222130292	1.0345784653426806
4.0	0.18332827778697083	-1.0345784653426806
4.0	0.49764782072510955	1.0343649944432696
4.0	0.16235217927489048	-1.0343649944432696
4.0	0.5186331276705087	1.0341228658085366
4.0	0.1413668723294913	-1.0341228658085366
4.0	0.539628800547669	1.033852006019135
4.0	0.12037119945233096	-1.033852006019135
4.0	0.560635999136206	1.0335523328328498
4.0	0.09936400086379402	-1.0335523328328498
4.0	0.5816558857541163	1.033223755122177
4.0	0.07834411424588367	-1.033223755122177
4.0	0.602689625516176	1.0328661728049775
4.0	0.05731037448382398	-1.0328661728049775
4.0	0.6237383865936508	1.0324794767681043
4.0	0.03626161340634926	-1.0324794767681043
4.0	0.644803340475442	1.0320635487838838
4.0	0.015196659524558065	-1.0320635487838838
4.0	0.6658856622307946	1.0316182614193181
4.0	-0.005885662230794564	-1.0316182614193181
4.0	0.6869865307736913	1.0311434779378703
4.0	-0.026986530773691342	-1.0311434779378703
4.0	0.7081071291290619	1.0306390521936706
4.0	-0.0481071291290619	-1.0306390521936706
4.0	0.7292486447009354	1.0301048285179852
4.0	-0.06924864470093539	-1.0301048285179852
4.0	0.7504122695426672	1.0295406415977568
4.0	-0.09041226954266712	-1.0295406415977568
4.0	0.7715992006293717	1.0289463163460295
4.0	-0.11159920062937162	-1.0289463163460295
4.0	0.7928106401326961	1.028321667764042
4.0	-0.13281064013269606	-1.028321667764042
4.0	0.8140477956980701	1.0276665007947714
4.0	-0.15404779569807003	-1.0276665007947714
4.0	0.8353118807245696	1.0269806101676784
4.0	-0.17531188072456966	-1.0269806101676784
4.0	0.8566041146475363	1.0262637802344072
4.0	-0.1966041146475363	-1.0262637802344072
0.5	0.45499988521978824	0.002617988924066857
0.5	0.2050001147802118	-0.00261798892406685
0.5	0.4549995408533453	0.005236121398831560
0.5	0.2050004591466547	-0.00523612139883156
0.5	0.45499896682323626	0.007854541006478618
0.5	0.20500103317676377	-0.00785454100647861
0.5	0.45499816300036133	0.010473391392180537
0.5	0.20500183699963873	-0.01047339139218053
0.5	0.45499712920389346	0.013092816295628532
0.5	0.20500287079610655	-0.01309281629562853
0.5	0.4549958652011915	0.0157129595826073
0.5	0.20500413479880852	-0.0157129595826073
0.5	0.4549943707076874	0.018333965276628648
0.5	0.20500562929231264	-0.01833396527662864
0.5	0.454992645386749	0.02095597759063869
0.5	0.20500735461325104	-0.02095597759063869
0.5	0.45499068884951727	0.02357914095881359
0.5	0.20500931115048276	-0.02357914095881359
0.5	0.4549885006547181	0.02620360006845863
0.5	0.20501149934528193	-0.02620360006845863
0.5	0.4549860803084486	0.02882949989202575
0.5	0.20501391969155142	-0.02882949989202575
0.5	0.4549834272639378	0.031456985719264544
0.5	0.20501657273606222	-0.03145698571926454
0.5	0.45498054092128104	0.034086203189522005
0.5	0.205019459078719	-0.03408620318952200
0.5	0.45497742062714847	0.036717298324206345
0.5	0.20502257937285157	-0.03671729832420634
0.5	0.4549740656744673	0.039350417559430244
0.5	0.20502593432553273	-0.03935041755943024
0.5	0.45497047530207685	0.04198570777884932
0.5	0.20502952469792318	-0.04198570777884932
0.5	0.4549666486943571	0.04462331634671142
0.5	0.20503335130564293	-0.04462331634671142
0.5	0.45496258498082975	0.04726339114113274
0.5	0.20503741501917025	-0.04726339114113274
0.5	0.45495828323573184	0.049906080587616926
0.5	0.2050417167642682	-0.04990608058761692
0.5	0.4549537424775608	0.05255153369283339
0.5	0.20504625752243924	-0.05255153369283339
0.5	0.454948961668592	0.055199900078671454
0.5	0.20505103833140806	-0.05519990007867145
0.5	0.45494393971436675	0.05785133001658701
0.5	0.20505606028563328	-0.05785133001658701
0.5	0.4549386754631516	0.060505974462258756
0.5	0.20506132453684844	-0.06050597446225875
0.5	0.4549331677053674	0.06316398509057121
0.5	0.2050668322946326	-0.06316398509057121
0.5	0.4549274151729889	0.06582551433094204
0.5	0.20507258482701113	-0.06582551433094204
1.0	0.5799997704395764	0.005235977848133714
1.0	0.0800002295604236	-0.00523597784813371
1.0	0.5799990817066906	0.010472242797663121
1.0	0.08000091829330944	-0.01047224279766312
1.0	0.5799979336464725	0.015709082012957235
1.0	0.08000206635352752	-0.01570908201295723
1.0	0.5799963260007226	0.020946782784361073
1.0	0.08000367399927744	-0.02094678278436107
1.0	0.579994258407787	0.026185632591257064
1.0	0.08000574159221308	-0.02618563259125706
1.0	0.5799917304023829	0.0314259191652146
1.0	0.08000826959761703	-0.0314259191652146
1.0	0.5799887414153748	0.036667930553257296
1.0	0.08001125858462524	-0.03666793055325729
1.0	0.579985290773498	0.04191195518127738
1.0	0.08001470922650203	-0.04191195518127738
1.0	0.5799813776990346	0.04715828191762718
1.0	0.08001862230096551	-0.04715828191762718
1.0	0.5799770013094362	0.05240720013691726
1.0	0.08002299869056384	-0.05240720013691726
1.0	0.5799721606168973	0.0576589997840515
1.0	0.08002783938310279	-0.0576589997840515
1.0	0.5799668545278757	0.06291397143852909
1.0	0.0800331454721244	-0.06291397143852909
1.0	0.579961081842562	0.06817240637904401
1.0	0.080038918157438	-0.06817240637904401
1.0	0.579954841254297	0.07343459664841269
1.0	0.08004515874570309	-0.07343459664841269
1.0	0.5799481313489345	0.07870083511886049
1.0	0.08005186865106548	-0.07870083511886049
1.0	0.5799409506041536	0.08397141555769864
1.0	0.08005904939584638	-0.08397141555769864
1.0	0.5799332973887141	0.08924663269342284
1.0	0.08006670261128587	-0.08924663269342284
1.0	0.5799251699616595	0.09452678228226548
1.0	0.08007483003834048	-0.09452678228226548
1.0	0.5799165664714636	0.09981216117523385
1.0	0.08008343352853639	-0.09981216117523385
1.0	0.5799074849551216	0.10510306738566678
1.0	0.08009251504487847	-0.10510306738566678
1.0	0.5798979233371839	0.11039980015734291
1.0	0.0801020766628161	-0.11039980015734291
1.0	0.5798878794287334	0.11570266003317402
1.0	0.08011212057126657	-0.11570266003317402
1.0	0.5798773509263031	0.12101194892451751
1.0	0.0801226490736969	-0.12101194892451751
1.0	0.5798663354107348	0.12632797018114242
1.0	0.08013366458926519	-0.12632797018114242
1.0	0.5798548303459778	0.13165102866188408
1.0	0.08014516965402224	-0.13165102866188408
1.5	0.7049996556593646	0.007853966772200571
1.5	-0.04499965565936459	-0.00785396677220057
1.5	0.7049986225600359	0.01570836419649468
1.5	-0.04499862256003584	-0.01570836419649468
1.5	0.7049969004697088	0.023563623019435855
1.5	-0.04499690046970872	-0.02356362301943585
1.5	0.704994489001084	0.03142017417654161
1.5	-0.04499448900108388	-0.03142017417654161
1.5	0.7049913876116805	0.0392784488868856
1.5	-0.04499138761168037	-0.0392784488868856
1.5	0.7049875956035745	0.047138878747821904
1.5	-0.04498759560357446	-0.04713887874782190
1.5	0.7049831121230622	0.05500189582988595
1.5	-0.04498311212306216	-0.05500189582988595
1.5	0.7049779361602471	0.06286793277191607
1.5	-0.04497793616024698	-0.06286793277191607
1.5	0.7049720665485518	0.07073742287644078
1.5	-0.04497206654855179	-0.07073742287644078
1.5	0.7049655019641543	0.07861080020537589
1.5	-0.04496550196415422	-0.07861080020537589
1.5	0.7049582409253459	0.08648849967607725
1.5	-0.04495824092534584	-0.08648849967607725
1.5	0.7049502817918134	0.09437095715779363
1.5	-0.04495028179181343	-0.09437095715779363
1.5	0.704941622763843	0.10225860956856601
1.5	-0.044941622763843	-0.10225860956856601
1.5	0.7049322618814454	0.11015189497261904
1.5	-0.04493226188144539	-0.11015189497261904
1.5	0.7049221970234019	0.11805125267829072
1.5	-0.04492219702340183	-0.11805125267829072
1.5	0.7049114259062303	0.12595712333654796
1.5	-0.04491142590623037	-0.12595712333654796
1.5	0.7048999460830712	0.13386994904013427
1.5	-0.044899946083071185	-0.13386994904013427
1.5	0.7048877549424893	0.14179017342339822
1.5	-0.04488775494248931	-0.14179017342339822
1.5	0.7048748497071955	0.14971824176285078
1.5	-0.04487484970719541	-0.14971824176285078
1.5	0.7048612274326823	0.15765460107850018
1.5	-0.04486122743268228	-0.15765460107850018
1.5	0.7048468850057759	0.16559970023601436
1.5	-0.04484688500577588	-0.16559970023601436
1.5	0.7048318191431002	0.17355399004976102
1.5	-0.04483181914310014	-0.17355399004976102
1.5	0.7048160263894547	0.18151792338677628
1.5	-0.044816026389454644	-0.18151792338677628
1.5	0.7047995031161023	0.18949195527171364
1.5	-0.0447995031161022	-0.18949195527171364
1.5	0.7047822455189666	0.19747654299282613
1.5	-0.04478224551896659	-0.19747654299282613
2.0	0.8299995408791528	0.010471955696267427
2.0	-0.1699995408791528	-0.01047195569626742
2.0	0.8299981634133812	0.020944485595326242
2.0	-0.16999816341338114	-0.02094448559532624
2.0	0.829995867292945	0.03141816402591447
2.0	-0.16999586729294497	-0.03141816402591447
2.0	0.8299926520014451	0.041893565568722146
2.0	-0.16999265200144514	-0.04189356556872214
2.0	0.8299885168155738	0.05237126518251413
2.0	-0.16998851681557386	-0.05237126518251413
2.0	0.829983460804766	0.0628518383304292
2.0	-0.16998346080476595	-0.0628518383304292
2.0	0.8299774828307496	0.07333586110651459
2.0	-0.16997748283074954	-0.07333586110651459
2.0	0.829970581546996	0.08382391036255477
2.0	-0.16997058154699596	-0.08382391036255477
2.0	0.8299627553980691	0.09431656383525436
2.0	-0.169962755398069	-0.09431656383525436
2.0	0.8299540026188723	0.10481440027383453
2.0	-0.16995400261887234	-0.10481440027383453
2.0	0.8299443212337945	0.115317999568103
2.0	-0.16994432123379444	-0.115317999568103
2.0	0.8299337090557513	0.12582794287705817
2.0	-0.16993370905575123	-0.12582794287705817
2.0	0.8299221636851241	0.13634481275808802
2.0	-0.16992216368512403	-0.13634481275808802
2.0	0.8299096825085939	0.14686919329682538
2.0	-0.16990968250859384	-0.14686919329682538
2.0	0.8298962626978691	0.15740167023772098
2.0	-0.16989626269786906	-0.15740167023772098
2.0	0.8298819012083073	0.1679428311153973
2.0	-0.16988190120830726	-0.1679428311153973
2.0	0.8298665947774283	0.17849326538684568
2.0	-0.16986659477742827	-0.17849326538684568
2.0	0.829850339923319	0.18905356456453096
2.0	-0.16985033992331905	-0.18905356456453096
2.0	0.8298331329429273	0.1996243223504677
2.0	-0.16983313294292723	-0.1996243223504677
2.0	0.8298149699102431	0.21020613477133357
2.0	-0.16981496991024309	-0.21020613477133357
2.0	0.8297958466743678	0.22079960031468582
2.0	-0.1697958466743678	-0.22079960031468582
2.0	0.8297757588574669	0.23140532006634804
2.0	-0.16977575885746687	-0.23140532006634804
2.0	0.8297547018526062	0.24202389784903502
2.0	-0.16975470185260622	-0.24202389784903502
2.0	0.8297326708214696	0.25265594036228484
2.0	-0.16973267082146964	-0.25265594036228484
2.0	0.8297096606919556	0.26330205732376816
2.0	-0.16970966069195553	-0.26330205732376816
2.5	0.954999426098941	0.013089944620334283
2.5	-0.294999426098941	-0.01308994462033428
2.5	0.9549977042667264	0.026180606994157803
2.5	-0.2949977042667264	-0.02618060699415780
2.5	0.9549948341161814	0.039272705032393086
2.5	-0.29499483411618127	-0.03927270503239308
2.5	0.9549908150018065	0.05236695696090268
2.5	-0.2949908150018064	-0.05236695696090268
2.5	0.9549856460194672	0.06546408147814266
2.5	-0.29498564601946725	-0.06546408147814266
2.5	0.9549793260059576	0.0785647979130365
2.5	-0.2949793260059575	-0.0785647979130365
2.5	0.954971853538437	0.09166982638314324
2.5	-0.29497185353843697	-0.09166982638314324
2.5	0.9549632269337449	0.10477988795319346
2.5	-0.29496322693374494	-0.10477988795319346
2.5	0.9549534442475862	0.11789570479406794
2.5	-0.29495344424758624	-0.11789570479406794
2.5	0.9549425032735905	0.13101800034229316
2.5	-0.29494250327359045	-0.13101800034229316
2.5	0.9549304015422431	0.14414749946012875
2.5	-0.2949304015422431	-0.14414749946012875
2.5	0.9549171363196891	0.1572849285963227
2.5	-0.294917136319689	-0.1572849285963227
2.5	0.9549027046064051	0.17043101594761
2.5	-0.29490270460640505	-0.17043101594761
2.5	0.9548871031357424	0.18358649162103172
2.5	-0.29488710313574235	-0.18358649162103172
2.5	0.9548703283723363	0.19675208779715123
2.5	-0.29487032837233634	-0.19675208779715123
2.5	0.954852376510384	0.20992853889424662
2.5	-0.29485237651038404	-0.20992853889424662
2.5	0.9548332434717854	0.22311658173355708
2.5	-0.29483324347178536	-0.22311658173355708
2.5	0.9548129249041488	0.2363169557056637
2.5	-0.29481292490414884	-0.2363169557056637
2.5	0.954791416178659	0.24953040293808462
2.5	-0.29479141617865906	-0.24953040293808462
2.5	0.9547687123878039	0.262757668464167
2.5	-0.29476871238780383	-0.262757668464167
2.5	0.9547448083429597	0.2759995003933573
2.5	-0.29474480834295974	-0.2759995003933573
2.5	0.9547196985718336	0.28925665008293505
2.5	-0.2947196985718336	-0.28925665008293505
2.5	0.9546933773157578	0.3025298723112938
2.5	-0.2946933773157578	-0.3025298723112938
2.5	0.9546658385268372	0.31581992545285603
2.5	-0.2946658385268371	-0.31581992545285603
2.5	0.9546370758649445	0.3291275716547102
2.5	-0.2946370758649444	-0.3291275716547102
3.0	1.0799993113187292	0.015707933544401143
3.0	-0.4199993113187292	-0.01570793354440114
3.0	1.0799972451200717	0.03141672839298936
3.0	-0.4199972451200717	-0.03141672839298936
3.0	1.0799938009394174	0.04712724603887171
3.0	-0.41999380093941746	-0.04712724603887171
3.0	1.0799889780021679	0.06284034835308322
3.0	-0.4199889780021678	-0.06284034835308322
3.0	1.0799827752233608	0.0785568977737712
3.0	-0.41998277522336075	-0.0785568977737712
3.0	1.079975191207149	0.09427775749564381
3.0	-0.41997519120714893	-0.09427775749564381
3.0	1.0799662242461243	0.1100037916597719
3.0	-0.41996622424612434	-0.1100037916597719
3.0	1.079955872320494	0.12573586554383215
3.0	-0.419955872320494	-0.12573586554383215
3.0	1.0799441330971036	0.14147484575288155
3.0	-0.4199441330971036	-0.14147484575288155
3.0	1.0799310039283085	0.15722160041075178
3.0	-0.41993100392830846	-0.15722160041075178
3.0	1.0799164818506917	0.1729769993521545
3.0	-0.4199164818506917	-0.1729769993521545
3.0	1.079900563583627	0.18874191431558726
3.0	-0.4199005635836269	-0.18874191431558726
3.0	1.079883245527686	0.20451721913713203
3.0	-0.419883245527686	-0.20451721913713203
3.0	1.0798645237628908	0.22030378994523808
3.0	-0.4198645237628908	-0.22030378994523808
3.0	1.0798443940468037	0.23610250535658145
3.0	-0.4198443940468037	-0.23610250535658145
3.0	1.0798228518124608	0.2519142466730959
3.0	-0.41982285181246076	-0.2519142466730959
3.0	1.0797998921661425	0.26773989808026855
3.0	-0.4197998921661424	-0.26773989808026855
3.0	1.0797755098849786	0.28358034684679645
3.0	-0.41977550988497864	-0.28358034684679645
3.0	1.079749699414391	0.29943648352570157
3.0	-0.41974969941439083	-0.29943648352570157
3.0	1.0797224548653646	0.31530920215700037
3.0	-0.4197224548653646	-0.31530920215700037
3.0	1.0796937700115519	0.3311994004720287
3.0	-0.4196937700115518	-0.3311994004720287
3.0	1.0796636382862004	0.34710798009952204
3.0	-0.4196636382862003	-0.34710798009952204
3.0	1.0796320527789094	0.36303584677355255
3.0	-0.4196320527789093	-0.36303584677355255
3.0	1.0795990062322045	0.3789839105434273
3.0	-0.4195990062322044	-0.3789839105434273
3.0	1.0795644910379332	0.39495308598565226
3.0	-0.4195644910379332	-0.39495308598565226
3.5	1.2049991965385174	0.018325922468468
3.5	-0.5449991965385175	-0.018325922468468
3.5	1.204996785973417	0.03665284979182092
3.5	-0.544996785973417	-0.03665284979182092
3.5	1.2049927677626537	0.054981787045350325
3.5	-0.5449927677626538	-0.05498178704535032
3.5	1.204987141002529	0.07331373974526376
3.5	-0.5449871410025289	-0.07331373974526376
3.5	1.2049799044272542	0.09164971406939973
3.5	-0.5449799044272543	-0.09164971406939973
3.5	1.2049710564083405	0.10999071707825112
3.5	-0.5449710564083405	-0.10999071707825112
3.5	1.2049605949538118	0.12833775693640054
3.5	-0.5449605949538117	-0.12833775693640054
3.5	1.204948517707243	0.14669184313447084
3.5	-0.5449485177072428	-0.14669184313447084
3.5	1.2049348219466207	0.16505398671169513
3.5	-0.5449348219466208	-0.16505398671169513
3.5	1.2049195045830265	0.18342520047921043
3.5	-0.5449195045830266	-0.18342520047921043
3.5	1.2049025621591403	0.20180649924418026
3.5	-0.5449025621591403	-0.20180649924418026
3.5	1.2048839908475646	0.22019890003485182
3.5	-0.5448839908475647	-0.22019890003485182
3.5	1.204863786448967	0.23860342232665405
3.5	-0.5448637864489672	-0.23860342232665405
3.5	1.2048419443900393	0.2570210882694444
3.5	-0.5448419443900392	-0.2570210882694444
3.5	1.204818459721271	0.2754529229160117
3.5	-0.5448184597212709	-0.2754529229160117
3.5	1.2047933271145377	0.2938999544519453
3.5	-0.5447933271145378	-0.2938999544519453
3.5	1.2047665408604995	0.31236321442697995
3.5	-0.5447665408604996	-0.31236321442697995
3.5	1.2047380948658084	0.33084373798792915
3.5	-0.5447380948658085	-0.33084373798792915
3.5	1.2047079826501228	0.3493425641133185
3.5	-0.5447079826501227	-0.3493425641133185
3.5	1.2046761973429254	0.36786073584983375
3.5	-0.5446761973429255	-0.36786073584983375
3.5	1.2046427316801436	0.38639930055070015
3.5	-0.5446427316801437	-0.38639930055070015
3.5	1.2046075780005672	0.4049593101161091
3.5	-0.544607578000567	-0.4049593101161091
3.5	1.204570728242061	0.4235418212358113
3.5	-0.5445707282420609	-0.4235418212358113
3.5	1.2045321739375718	0.4421478956339985
3.5	-0.5445321739375719	-0.4421478956339985
3.5	1.204491906210922	0.4607786003165943
3.5	-0.5444919062109221	-0.4607786003165943
4.0	1.3299990817583056	0.020943911392534854
4.0	-0.6699990817583057	-0.02094391139253485
4.0	1.3299963268267623	0.041888971190652484
4.0	-0.6699963268267624	-0.04188897119065248
4.0	1.32999173458589	0.06283632805182894
4.0	-0.6699917345858899	-0.06283632805182894
4.0	1.3299853040028904	0.08378713113744429
4.0	-0.6699853040028902	-0.08378713113744429
4.0	1.3299770336311478	0.10474253036502826
4.0	-0.6699770336311477	-0.10474253036502826
4.0	1.329966921609532	0.1257036766608584
4.0	-0.6699669216095319	-0.1257036766608584
4.0	1.329954965661499	0.14667172221302918
4.0	-0.6699549656614991	-0.14667172221302918
4.0	1.329941163093992	0.16764782072510953
4.0	-0.669941163093992	-0.16764782072510953
4.0	1.329925510796138	0.18863312767050872
4.0	-0.6699255107961379	-0.18863312767050872
4.0	1.3299080052377448	0.20962880054766905
4.0	-0.6699080052377446	-0.20962880054766905
4.0	1.3298886424675889	0.230635999136206
4.0	-0.669888642467589	-0.230635999136206
4.0	1.3298674181115024	0.25165588575411635
4.0	-0.6698674181115025	-0.25165588575411635
4.0	1.329844327370248	0.27268962551617604
4.0	-0.6698443273702481	-0.27268962551617604
4.0	1.3298193650171877	0.29373838659365076
4.0	-0.6698193650171878	-0.29373838659365076
4.0	1.3297925253957381	0.31480334047544195
4.0	-0.6697925253957382	-0.31480334047544195
4.0	1.3297638024166145	0.3358856622307946
4.0	-0.6697638024166146	-0.3358856622307946
4.0	1.3297331895548565	0.35698653077369136
4.0	-0.6697331895548566	-0.35698653077369136
4.0	1.3297006798466382	0.3781071291290619
4.0	-0.6697006798466381	-0.3781071291290619
4.0	1.3296662658858545	0.3992486447009354
4.0	-0.6696662658858545	-0.3992486447009354
4.0	1.3296299398204863	0.42041226954266714
4.0	-0.6696299398204861	-0.42041226954266714
4.0	1.3295916933487357	0.44159920062937164
4.0	-0.6695916933487356	-0.44159920062937164
4.0	1.3295515177149337	0.46281064013269607
4.0	-0.6695515177149338	-0.46281064013269607
4.0	1.3295094037052124	0.48404779569807005
4.0	-0.6695094037052125	-0.48404779569807005
4.0	1.3294653416429394	0.5053118807245697
4.0	-0.6694653416429392	-0.5053118807245697
4.0	1.3294193213839112	0.5266041146475363
4.0	-0.669419321383911	-0.5266041146475363
